mtllib materials.mtl
v 0.06976743 -0.05668592 -0.008720934
v 0.06976743 -0.05668604 0.008720905
v 0.0741279 -0.05668604 0.008720905
v 0.0741279 -0.05668592 -0.008720934
v -0.06976742 -0.05668592 -0.008720964
v -0.06976742 0.008720994 -0.008720964
v -0.07412788 0.008720994 -0.008720964
v -0.07325578 -0.05843019 -0.008720964
v -0.06540695 -0.06540692 -0.008720964
v 0.06540696 -0.06540692 -0.008720934
v 0.06976743 0.008720994 -0.008720934
v -0.06976742 -0.05668604 0.008720875
v -0.06976742 0.008720994 0.008720905
v 0.06976743 0.008720994 0.008720905
v -0.07325578 -0.05843019 0.008720875
v 0.06540696 -0.06540692 0.008720905
v -0.06540695 -0.06540692 0.008720875
v -0.05668602 -0.06976736 -0.008720964
v 0.05232558 -0.06976736 -0.008720934
v -0.06889531 -0.06715107 -0.008720964
v 0.05232557 -0.06976736 0.008720905
v -0.05668602 -0.06976736 0.008720875
v 0.06889534 -0.06715119 -0.008720964
v -0.05668603 -0.07412785 0.008720905
v 0.05406975 -0.07499999 -0.008720934
v -0.05668602 0.01744187 0.008720905
v 0.0610465 0.01744187 0.008720934
v -0.07412788 0.008720994 0.008720905
v 0.0610465 0.01744187 -0.008720934
v -0.05668602 0.01744187 -0.008720934
v 0.06540696 0.01744187 0.008720934
v 0.06540696 0.01744187 -0.008720934
v -0.05668602 0.02180231 0.008720905
v 0.0610465 0.02180231 0.008720934
v -0.05668602 0.02180231 -0.008720934
v 0.06104651 0.02180231 -0.008720934
v -0.06540695 0.02616286 0.008720905
v 0.06540696 0.02616286 0.008720934
v 0.06540696 0.02616286 -0.008720934
v -0.06540695 0.02616286 -0.008720934
v 0.06889533 0.02441871 0.008720934
v 0.06889533 0.02441871 -0.008720934
v -0.06976742 0.03488374 0.008720905
v 0.06976743 0.03488374 0.008720934
v -0.06889532 0.02441859 -0.008720934
v -0.06889532 0.02441859 0.008720905
v 0.06976743 0.03488374 -0.008720934
v -0.06976742 0.03488374 -0.008720934
v 0.07412788 0.03488374 0.008720934
v 0.07412788 0.03488374 -0.008720905
v -0.06976741 0.04360461 0.008720905
v 0.06976743 0.04360461 0.008720934
v 0.06976743 0.04360461 -0.008720934
v -0.06976742 0.04360461 -0.008720934
v 0.07412788 0.04360461 -0.008720905
v -0.06104649 0.05232561 0.008720905
v 0.0610465 0.05232561 0.008720934
v 0.0610465 0.05232561 -0.008720934
v -0.06104649 0.05232561 -0.008720934
v 0.06305903 0.05534434 0.008720934
v 0.06305903 0.05534434 -0.008720934
v -0.04360463 0.06104648 0.008720905
v 0.04796511 0.06104648 0.008720934
v -0.06540697 0.05668604 -0.008720934
v -0.06540697 0.05668604 0.008720905
v 0.04796511 0.06104648 -0.008720934
v -0.04360463 0.06104648 -0.008720934
v 0.04911693 0.0650779 0.008720905
v 0.04911694 0.0650779 -0.008720934
v -0.01744185 0.06976748 0.008720934
v 0.01744186 0.06976748 0.008720934
v -0.04622091 0.06627905 -0.008720934
v -0.04622091 0.06627905 0.008720905
v 0.01744186 0.06976748 -0.008720934
v -0.01744185 0.06976748 -0.008720934
v 0.01744186 0.07412791 0.008720934
v 0.01744186 0.07412791 -0.008720934
v -0.05668602 -0.07412791 -0.008720964
v 0.05232558 -0.07412791 -0.008720934
v 0.0741279 0.008720994 0.008720905
v 0.0741279 0.008720994 -0.008720934
v 0.06540696 0.02180231 0.008720934
v 0.06540696 0.02180231 -0.008720934
v 0.06889534 -0.06715107 0.008720905
v 0.05406974 -0.07499993 0.008720905
v -0.06889531 -0.06715107 0.008720875
v -0.07412788 0.03488374 -0.008720934
v -0.07412788 0.03488374 0.008720905
v -0.0741279 0.04796505 -0.008720934
v -0.07412789 0.04796505 0.008720905
v -0.01918603 0.07500005 -0.008720934
v -0.01918603 0.07500005 0.008720905
v 0.07412788 0.04360461 0.008720934
vn -4.526697E-10 -1 -7.456403E-08
vn 7.108852E-08 1.760784E-07 -1
vn 1.701293E-07 1.760784E-07 -1
vn 1.753962E-07 1.760784E-07 -1
vn -1.753962E-07 -1.760784E-07 1
vn -0.4472095 0.8944293 6.812768E-08
vn -1.76211E-07 -3.156314E-06 1
vn 0.4472193 0.8944243 2.247257E-07
vn 1.77408E-07 3.156276E-06 -1
vn -0.4472091 0.8944294 -2.273426E-06
vn -1.764946E-07 -3.156278E-06 1
vn 0.44722 0.894424 -2.68552E-06
vn -0.1579904 -5.593363E-06 -0.9874406
vn -8.138349E-08 1.314039E-06 1
vn -4.52642E-10 -1 -2.324244E-07
vn 1.726605E-07 1.760784E-07 -1
vn -4.526466E-10 -1 -2.065785E-07
vn -1.756462E-07 -1.760784E-07 1
vn -1 -3.919449E-07 -1.753962E-07
vn 1.834332E-07 1.760784E-07 -1
vn -0.7071048 -0.7071087 -5.809244E-07
vn -1.756462E-07 -1.760784E-07 1
vn 1 -5.368953E-07 1.753961E-07
vn 1.695645E-07 1.760784E-07 -1
vn -0.4472097 -0.8944291 -1.703893E-07
vn -1.765919E-07 -1.666187E-06 1
vn 0.4472193 -0.8944243 -1.833317E-08
vn 1.314064E-07 9.211328E-07 -1
vn -4.526188E-10 -1 -3.646702E-07
vn -2.212637E-07 5.689849E-07 1
vn 1.82848E-07 1.760784E-07 -1
vn -4.526019E-10 -1 -4.61078E-07
vn -2.686483E-07 -1.760784E-07 1
vn 1.807219E-07 1.760784E-07 -1
vn 0.8320489 -0.5547022 8.208136E-09
vn -1.760521E-07 -1.760784E-07 1
vn -0.8944268 -0.4472145 -2.101546E-07
vn 1.722698E-07 1.760784E-07 -1
vn 0.9615237 -0.2747224 1.030856E-07
vn -1.762708E-07 -1.760784E-07 1
vn -0.9486831 -0.3162284 -1.928749E-07
vn 1.624472E-07 1.760784E-07 -1
vn 1 2.537986E-07 1.288301E-07
vn 1.799429E-07 -2.804122E-06 -1
vn -1.592526E-07 -1.760784E-07 1
vn 4.526464E-10 1 2.071603E-07
vn 6.860644E-08 1.760784E-07 -1
vn 1 -4.526828E-10 1.753962E-07
vn -4.526628E-10 -1 -1.139148E-07
vn 5.526969E-07 -9.211334E-07 1
vn 4.526626E-10 1 1.150784E-07
vn 8.295454E-08 1.760784E-07 -1
vn 0.7071042 0.7071093 2.17249E-07
vn -4.52641E-10 -1 -2.382421E-07
vn 0.7071044 0.7071092 2.798112E-07
vn 4.526626E-10 1 1.150784E-07
vn -1.821463E-07 -1.760784E-07 1
vn 4.526624E-10 1 1.162418E-07
vn 2.191656E-07 1.760784E-07 -1
vn 1 -3.084103E-07 2.581803E-07
vn -2.955542E-06 1.666181E-06 -1
vn -0.4472197 -0.8944241 2.564651E-06
vn 3.41343E-06 -4.741004E-07 1
vn 0.8944274 -0.4472133 6.77683E-08
vn 1.373113E-07 1.760784E-07 -1
vn -0.9486845 -0.3162243 7.300709E-07
vn -1.720566E-07 -1.760784E-07 1
vn 0.4678877 -0.8837879 2.705937E-06
vn 0.4472199 0.894424 -2.699639E-06
vn 0.4678876 -0.883788 2.59389E-06
vn -1.757059E-07 5.784325E-06 1
vn 0.9486844 0.3162245 -6.5673E-07
vn -0.00787367 -0.999969 3.102919E-06
vn -1 1.386245E-06 -3.616627E-07
vn 0.1579904 2.654727E-06 0.9874406
vn -4.526682E-10 -1 -8.33601E-08
vn 1.825379E-06 3.797575E-06 1
vn 1 2.081604E-07 1.753962E-07
vn -1.799364E-06 -3.79758E-06 -1
vn -0.4961427 -0.868241 1.862167E-06
vn -1.571707E-07 -1.760784E-07 1
vn 0.4472094 -0.8944293 2.711884E-06
vn 3.081255E-07 1.760784E-07 -1
vn -0.8944268 -0.4472145 -1.836076E-07
vn -0.4472095 0.8944293 -2.861741E-06
vn -0.4961429 -0.8682408 2.491731E-06
vn 4.526569E-10 1 1.479054E-07
vn 2.801109E-06 -1.760783E-07 1
vn -4.526341E-10 -1 -2.775927E-07
vn -1 -5.977286E-08 -1.753962E-07
vn -4.526748E-10 -1 -4.569371E-08
vn 2.946262E-07 1.760784E-07 -1
vn 0.7071044 0.7071092 1.497274E-07
vn -1.977518E-07 1.314047E-06 1
vn -1 6.138881E-07 -9.261181E-08
vn -0.7071045 -0.707109 1.136584E-07
vn 2.372131E-07 1.760784E-07 -1
vn 0.7071047 0.7071089 2.241623E-07
vn -9.410563E-07 -9.211373E-07 1
vn -0.7071086 0.707105 3.88227E-08
vn 0.7071049 0.7071087 -2.618689E-07
vn 1.581062E-07 1.760784E-07 -1
vn 0.8944266 0.4472147 3.038192E-07
vn -1.795588E-07 -1.760784E-07 1
vn -0.4472131 0.8944275 9.015668E-08
vn 1.624287E-07 1.760784E-07 -1
vn 0.9486832 0.3162282 2.385405E-07
vn -3.278946E-07 1.016018E-06 1
vn -0.3162275 0.9486834 1.393269E-07
vn -1.762399E-07 -1.760784E-07 1
vn -1 -3.972224E-07 -1.753962E-07
vn 1.69925E-07 1.760784E-07 -1
vn 4.526337E-10 1 2.798347E-07
vn 6.975491E-07 2.804155E-06 1
vn -0.9615237 0.2747223 -1.614641E-07
vn 1.883483E-07 1.760784E-07 -1
vn 0.2747209 0.961524 8.512681E-08
vn -1.579997E-07 -1.760784E-07 1
vn -0.8320494 0.5547017 -4.714776E-08
vn 2.427555E-07 1.760784E-07 -1
vn 0.5546997 0.8320506 3.195671E-07
vn 1.286832E-06 1.314033E-06 1
vn -0.7071051 0.7071084 -6.569943E-08
vn -1.354761E-06 -1.314033E-06 -1
vn 0.7275915 0.6860107 1.211457E-07
vn -3.168192E-06 -1.760784E-07 1
vn 4.526769E-10 1 3.357874E-08
vn 3.036406E-06 1.760795E-07 -1
vn 1 -1.320805E-07 9.261191E-08
vn -1.753606E-07 -1.760784E-07 1
vn 0.4472198 0.894424 1.917181E-07
vn 2.892256E-07 1.760784E-07 -1
vn 0.8944273 -0.4472134 6.341843E-08
vn -4.526387E-10 -1 -2.515384E-07
vn 0.7275912 0.6860109 1.211457E-07
vn 7.094664E-08 1.760784E-07 -1
vn -0.4472195 0.8944243 1.232595E-07
vn -1.629794E-07 -1.760784E-07 1
vn -0.8944268 -0.4472144 -2.185934E-07
vn -8.315302E-07 -1.810728E-06 -1
vn -0.4472191 0.8944244 2.004785E-07
vn 8.170178E-07 1.810729E-06 1
vn -0.4961396 -0.8682427 -2.52745E-07
vn -0.4472198 0.8944241 2.004785E-07
vn -0.4961398 -0.8682426 -2.270546E-07
vn -1.063873E-06 1.964213E-06 -1
vn 1 5.3599E-07 1.753963E-07
vn 1.017148E-06 -1.964214E-06 1
vn -0.5999994 0.8000003 1.313655E-07
vn -4.52642E-10 -1 -2.324244E-07
vn -0.5999995 0.8000004 1.313655E-07
vn -1.720211E-07 -1.760784E-07 1
vn 0.7071048 0.7071087 2.90508E-07
vn 5.17626E-08 1.760784E-07 -1
vn 0.7071103 -0.7071034 1.319584E-07
usemtl mat18
f 4//1 3//1 2//1 1//1
f 10//3 9//3 5//3 1//3
f 5//4 6//4 11//4 1//4
f 14//5 13//5 12//5 2//5
f 17//7 16//7 2//7 12//7
f 19//9 18//9 9//9 10//9
f 22//11 21//11 16//11 17//11
f 27//14 26//14 13//14 14//14
f 30//16 29//16 11//16 6//16
f 32//17 31//17 27//17 29//17
f 34//18 33//18 26//18 27//18
f 35//20 36//20 29//20 30//20
f 38//22 37//22 33//22 34//22
f 40//24 39//24 36//24 35//24
f 44//26 43//26 37//26 38//26
f 48//28 47//28 39//28 40//28
f 52//30 51//30 43//30 44//30
f 54//31 53//31 47//31 48//31
f 57//33 56//33 51//33 52//33
f 59//34 58//34 53//34 54//34
f 63//36 62//36 56//36 57//36
f 67//38 66//38 58//38 59//38
f 71//40 70//40 62//40 63//40
f 75//42 74//42 66//42 67//42
f 80//46 81//46 11//46 14//46
f 80//49 14//49 11//49
f 31//51 29//51 27//51
f 11//54 81//54 80//54
f 31//56 32//56 29//56
f 82//58 83//58 36//58 34//58
usemtl mat20
f 8//2 7//2 6//2 5//2
f 8//6 15//6 12//6 5//6
f 3//8 4//8 1//8 2//8
f 20//10 17//10 9//10
f 23//12 10//12 16//12
f 25//13 24//13 22//13 19//13
f 28//15 6//15 13//15
f 33//19 35//19 30//19 26//19
f 32//21 31//21 34//21 36//21
f 26//23 30//23 35//23 33//23
f 42//25 41//25 38//25 39//25
f 46//27 45//27 40//27 37//27
f 50//29 49//29 44//29 47//29
f 55//32 52//32 53//32
f 61//35 60//35 57//35 58//35
f 65//37 64//37 59//37 56//37
f 69//39 68//39 63//39 66//39
f 73//41 72//41 67//41 62//41
f 77//43 76//43 71//43 74//43
f 79//44 78//44 18//44 19//44
f 3//45 80//45 14//45 2//45
f 81//47 4//47 1//47 11//47
f 81//48 80//48 3//48 4//48
f 80//50 31//50 27//50 14//50
f 32//52 81//52 11//52 29//52
f 32//53 31//53 80//53
f 80//55 81//55 32//55
f 31//57 82//57 34//57 27//57
f 83//59 32//59 29//59 36//59
f 83//60 82//60 31//60 32//60
f 4//61 23//61 10//61 1//61
f 23//62 84//62 16//62 10//62
f 84//63 3//63 2//63 16//63
f 84//64 23//64 4//64 3//64
f 23//65 25//65 19//65 10//65
f 25//66 85//66 21//66 19//66
f 85//67 84//67 16//67 21//67
f 85//68 25//68 23//68
f 16//69 84//69 23//69
f 23//70 84//70 85//70
f 24//71 85//71 21//71 22//71
f 85//72 25//72 19//72 21//72
f 85//73 24//73 25//73
f 78//74 24//74 22//74 18//74
f 24//75 79//75 19//75 22//75
f 24//76 78//76 79//76
f 86//77 24//77 22//77 17//77
f 24//78 78//78 18//78 22//78
f 78//79 20//79 9//79 18//79
f 78//80 24//80 20//80
f 15//81 86//81 17//81 12//81
f 86//82 20//82 9//82 17//82
f 20//83 8//83 5//83 9//83
f 20//84 86//84 15//84 8//84
f 20//85 86//85 17//85
f 24//86 86//86 20//86
f 7//87 28//87 13//87 6//87
f 28//88 15//88 12//88 13//88
f 15//89 8//89 5//89 12//89
f 15//90 28//90 7//90 8//90
f 88//91 87//91 48//91 43//91
f 87//92 89//92 54//92 48//92
f 89//93 51//93 54//93
f 90//94 88//94 43//94 51//94
f 90//95 89//95 87//95 88//95
f 90//96 89//96 54//96 51//96
f 89//97 64//97 59//97 54//97
f 64//98 65//98 56//98 59//98
f 65//99 90//99 51//99 56//99
f 65//100 64//100 89//100 90//100
f 89//101 90//101 51//101
f 64//102 72//102 67//102 59//102
f 72//103 73//103 62//103 67//103
f 73//104 65//104 56//104 62//104
f 73//105 72//105 64//105 65//105
f 72//106 91//106 75//106 67//106
f 91//107 92//107 70//107 75//107
f 92//108 73//108 62//108 70//108
f 92//109 91//109 72//109 73//109
f 76//110 92//110 70//110 71//110
f 92//111 91//111 75//111 70//111
f 91//112 77//112 74//112 75//112
f 91//113 92//113 76//113 77//113
f 68//114 76//114 71//114 63//114
f 76//115 77//115 74//115 71//115
f 77//116 69//116 66//116 74//116
f 77//117 76//117 68//117 69//117
f 60//118 68//118 63//118 57//118
f 68//119 69//119 66//119 63//119
f 69//120 61//120 58//120 66//120
f 69//121 68//121 60//121 61//121
f 93//122 60//122 57//122 52//122
f 60//123 61//123 58//123 57//123
f 61//124 55//124 53//124 58//124
f 61//125 60//125 55//125
f 49//126 93//126 52//126 44//126
f 93//127 55//127 53//127 52//127
f 55//128 50//128 47//128 53//128
f 55//129 93//129 49//129 50//129
f 41//130 49//130 44//130 38//130
f 49//131 50//131 47//131 44//131
f 50//132 42//132 39//132 47//132
f 50//133 49//133 41//133 42//133
f 55//134 93//134 52//134
f 60//135 93//135 55//135
f 45//136 87//136 48//136 40//136
f 87//137 88//137 43//137 48//137
f 88//138 46//138 37//138 43//138
f 88//139 87//139 45//139 46//139
f 30//140 45//140 40//140 35//140
f 45//141 37//141 40//141
f 46//142 26//142 33//142 37//142
f 45//143 30//143 26//143
f 45//144 46//144 37//144
f 26//145 46//145 45//145
f 7//146 35//146 30//146 6//146
f 35//147 33//147 26//147 30//147
f 33//148 28//148 13//148 26//148
f 33//149 35//149 28//149
f 28//150 7//150 6//150
f 35//151 7//151 28//151
f 31//152 41//152 38//152 34//152
f 41//153 42//153 39//153 38//153
f 42//154 32//154 36//154 39//154
f 42//155 41//155 31//155 32//155
